12
243 9
62162 66439 92172 68309 45330 64527 28938 49656 30870
479 1
70733
409 5
16548 1202 96211 77326 18393
226 992
68527 29773 13522 91527 27890 48521 66842 90775 53746 73526 68488 87327 79507 14355 86908 17306 82844 19076 25142 49379 28010 29280 16305 21723 12048 52020 51025 33826 53025 88170 56381 21570 95211 63322 49109 5647 36292 67624 53592 80683 86887 29223 10774 31907 18206 66637 93653 2000 51076 8638 2628 20662 71303 44376 18314 67489 41692 68931 20152 60751 34417 7672 14760 1645 93713 64993 30236 97309 35393 77229 95772 6675 21787 14867 4148 43303 77932 4617 46255 93813 66329 21992 84522 40335 78663 93418 86296 42759 59909 80899 31479 67016 98247 88325 31159 65939 69370 43407 11001 11820 63687 85078 78355 16737 5963 30676 68881 80176 17638 39811 25888 37911 67024 95930 11935 86070 56787 56851 3075 70869 29377 98439 9674 92738 4713 61849 85788 7957 78634 53914 4113 17168 40700 82082 53206 93183 71274 10867 48348 17335 26842 18495 99538 3042 47509 75513 47187 35965 89392 29656 92395 57950 35641 68464 53997 14026 66380 25517 93285 78892 16719 92772 10813 64747 59989 64274 52568 86788 69774 24005 71391 64958 56885 23251 15215 27656 58040 84892 9440 79186 94937 12753 58064 79451 96401 37571 4394 31657 50376 71042 81039 29410 45023 85073 99667 75433 52498 78123 39813 63775 78181 21334 21677 22274 71021 93150 65617 52979 47833 36528 15455 39463 95629 63216 98367 42453 79052 21281 48041 90680 65061 37422 20542 40635 70466 86976 83361 69905 66054 23203 72887 5710 92851 82964 93446 45869 68809 39409 43847 21878 64010 74829 21472 31877 93058 20610 46844 15769 51043 9688 74091 92664 99718 3581 51983 919 35643 28862 60140 48526 61854 97908 45777 17381 43082 81974 1630 48141 71851 77271 15578 10879 10834 70650 97364 76406 86955 6665 4424 64778 48274 28214 28227 38365 32881 28149 13730 887 47511 48645 61449 78869 73590 87103 29093 69804 5378 99379 76563 46269 33653 39637 29333 35934 1406 89213 91841 36655 56599 32874 81216 94339 81273 35765 8573 36055 68944 88667 84170 82418 58684 29461 61795 18186 11598 17256 60567 85920 95032 4060 24434 73229 24802 511 34017 8406 59174 69615 68718 89876 74016 38871 73836 57046 90733 26801 48641 48918 18033 60528 85136 93819 90700 90898 92781 77076 95890 60954 15873 5993 24936 5959 14883 85818 13711 60121 7439 21553 32710 12982 38621 33788 66279 1828 4473 47512 28128 26853 29382 87698 81030 68984 37821 2284 65598 52156 52986 1776 17269 65765 57563 50047 19256 8810 89189 8434 83300 41072 79899 69083 61454 16199 52762 10852 70543 59360 64544 23816 58861 11248 63419 14630 79455 92320 13398 88952 21714 11591 35975 6959 38446 21965 32366 60116 54112 16908 68144 17559 54328 89967 94969 65575 84926 61115 28033 42830 44526 92768 12410 89037 51755 93348 36680 55788 15193 82510 54291 87425 77216 9749 40527 53535 62431 73694 14716 79948 91556 86052 78223 91712 9794 75737 21597 7548 94787 30596 77901 65085 54943 64849 60683 16036 49997 7830 4055 78671 73837 17077 48854 66086 83143 7799 20538 26142 34523 23165 37345 60156 20207 68356 58276 66786 22734 97502 49942 50956 81019 54391 23210 24923 10052 12141 41312 11311 66530 84409 44722 86926 45732 57776 59046 3641 39135 41632 89161 11438 77696 37809 39264 51729 8792 58018 82975 1752 34359 22495 88549 67995 956 42789 37290 50544 83208 50567 87260 45804 66448 41218 77023 60295 1565 13195 24879 27307 43392 63241 84691 23974 61000 13486 20880 79812 94407 71704 4816 57921 61299 49263 17367 55009 789 22735 21698 22897 64432 56874 63054 65852 72276 26370 18682 38373 34547 72010 5005 56501 32779 30299 70981 17993 85800 2167 66072 26515 23648 19231 18377 27995 85376 26495 21111 90636 39856 54470 99403 25947 13733 84772 20887 59137 72732 3849 41794 84726 36099 79195 99099 82924 85484 51246 24242 50620 5842 44340 58487 24856 66800 5920 67671 83093 8303 96396 65966 54414 22457 88390 9929 41406 91423 2308 25708 45515 41771 26532 27692 80411 43674 38771 57981 48721 32220 56845 41150 22579 70635 59973 55554 42848 30906 30359 72990 57016 69890 54982 47077 56779 74319 39001 44240 70148 15075 80402 22590 37451 10441 56149 4546 94390 29240 78667 82250 52791 77044 8465 99624 82244 84709 12351 78486 39634 3160 68637 70406 26742 5535 89197 15640 85572 44413 28897 83198 99153 6866 23392 71531 11410 96321 97020 61320 7041 18224 71491 61088 27485 95469 72430 84793 86205 67633 88823 5978 22123 32237 27108 41261 28330 17767 33723 73029 80000 9153 47819 6197 63627 4034 61253 72938 28186 867 50938 64237 86552 6501 22461 57208 89779 75928 81781 97015 8244 646 12546 84741 77167 11475 27482 78754 95398 30333 63806 33643 78788 77280 45633 19983 58600 2005 77235 77773 44933 56663 97114 14795 33731 88944 45323 22203 5052 99448 60699 67167 27693 26066 12272 59639 5294 9727 84349 21089 96384 22210 96128 53597 96578 10677 88450 39804 18938 62946 23675 76446 87234 33260 86628 37382 20580 54312 19554 76834 40300 70106 83786 14248 15197 68723 77222 97354 30373 28919 59674 64150 58179 77400 18940 2314 76839 47305 63082 92369 88786 24010 85843 26325 532 76231 93077 66248 77673 1929 44898 4420 30240 24774 14861 85052 35692 5933 90093 73507 36865 11817 83916 55519 56881 11931 31497 5681 70272 6965 28225 42223 66219 76329 92581 38288 12807 26596 40169 95984 49212 96268 6372 650 17128 37595 43857 90104 83409 52627 42501 94275 72477 96894 38009 61759 64026 78462 40439 99605 88882 10636 65678 42819 53042 23268 40569 16583 65120 53034 90334 39353 2851 89348 1812 74845 43147 17618 61105 81220 11201 35349 75392 47334 56616 63178 55830 90265 85083 73561 25897 33369 15118 78164 74893 34054 54689 69330 86298 39419 64263 84486 47979 4570 74049 53083 78745 80893 50409 56418 4132 59840 35308 24875 86024 74792 38997 90921 58817 26094 53117 38003 27620 53270 98877 88013 93412 42668 17377 10444 16852 39547 9301 55145 67849 17104 89709 9993 75171 67527 30132 77117 11047 53248 63226 98431 56099 12497 32571 84783 69684 46103 97263 89417 79653 69682 72146 95179 53215 23387 2507 21517 61289 72433 91690 97375 45437 12220 27210 92745 6401 43423 91271
481 997
82768 39525 97130 38168 37139 82114 33941 9232 24145 65115 99382 49767 49250 85302 44550 13340 33495 72151 19202 9782 81097 72607 27835 82602 43519 31639 40814 41767 79649 1837 29560 92615 76559 33285 25861 62632 42632 11261 53304 85763 35731 23565 22758 1429 31552 89660 63124 85959 9052 73973 67257 68509 62966 52809 3752 7442 64059 82868 24790 25715 90479 97371 52323 81217 97916 71443 91197 54720 47910 98532 50511 41490 90360 15277 48532 87 24209 61994 66720 4927 90184 56627 19285 17266 26924 63060 92123 64709 207 83480 41257 13940 5910 86770 81874 43491 10063 84894 49901 30525 38804 6093 45863 56463 61869 33886 11043 66028 2318 620 54805 97214 27931 55656 90384 62084 75293 25950 10764 20144 69401 79043 6206 72355 418 54326 71011 13289 4100 37402 94563 70587 83310 86455 57189 26129 31362 41099 36231 64587 42028 51090 37749 5079 59406 87311 36646 66785 33597 14640 96371 38568 18403 64600 72338 43796 41782 52261 77000 47088 66542 83549 65279 76280 90782 87113 86051 40905 32769 41176 97646 677 22790 1664 26522 9145 93886 15127 56000 36220 51376 46540 86224 78636 5947 3609 34043 30667 78448 71922 68934 91689 9299 36927 66731 26856 35532 92355 98240 62651 35410 19308 56350 8037 84852 70575 40681 71008 73533 98749 60452 32088 11825 18329 22406 23960 90842 18537 45827 94085 67357 35021 80778 56514 14824 67792 60920 48489 81694 91889 99961 82876 48653 57782 67597 1031 94285 98480 73143 86317 65662 31259 27873 74606 29748 26498 65510 4423 26672 56131 15935 54249 2561 71898 19501 44273 45243 51488 43450 26721 97470 46692 3560 52204 89241 29890 19221 52491 57763 11328 95692 65143 50185 30146 47402 76760 88256 41912 45381 64646 94283 14721 69481 63320 66131 26032 36115 62453 97828 42853 32080 38860 55178 80293 78595 85490 73591 44157 10785 26582 99335 33968 82323 9395 60854 43119 17238 20373 39663 38544 48726 49533 12879 33082 73500 96895 30486 55569 80257 65030 2077 39054 70687 10621 28815 10394 21668 40280 65232 85329 39274 22555 7616 19774 19929 90925 14654 46944 86199 74308 24216 48566 53664 81032 8604 68945 42925 93202 28278 72054 85914 67250 48104 83352 4719 73150 4267 41911 16153 24661 94189 23731 32838 4806 65639 29085 73936 12035 28521 41642 47502 65765 52146 7360 93782 17671 30522 46299 96769 62807 82991 42622 18930 57094 20972 88998 41526 37363 25623 45197 1995 46350 90247 40958 65389 13398 85557 95897 32875 1675 75345 90391 57319 87336 73421 57614 27597 8200 15502 8780 48802 31064 48599 70860 14001 57167 62428 47766 75530 450 57727 41836 15897 53996 14704 22332 39860 71862 63379 8312 81638 45237 26598 96729 13356 34488 8993 88523 34888 37115 9515 47875 76351 94258 9766 4652 64543 79848 56331 24708 6979 98666 812 35468 94576 98626 92006 58415 8778 77017 85642 85934 71930 80130 44075 93597 56278 60819 20078 89536 4781 24923 20846 96443 96637 74817 42813 17888 42345 48907 98277 61874 21097 78802 65208 79614 72451 86332 52050 44551 37215 96961 49870 83557 67478 43700 15736 57562 88364 32514 92683 22413 37167 38132 86899 53531 63205 49540 13791 97221 86813 73925 95219 94592 11596 10412 66910 84364 11364 94961 69925 86710 86580 24989 23974 28446 24188 45899 1125 5554 87290 14157 96806 88413 10020 14206 51024 43097 21962 46741 63692 59244 32200 83814 504 671 76619 86376 90282 13112 92895 2453 33862 76010 34424 70995 44288 4354 79853 61475 80164 13774 65772 25916 60958 2304 75956 10378 47828 49296 97391 40075 12481 31971 26607 9106 1298 41185 89345 96411 40416 30222 74330 28680 34020 22346 35625 5672 51333 84079 99191 13373 29789 64077 3835 95815 4430 54970 77680 42741 74936 17985 36726 49299 29357 19606 3908 76205 31781 55216 21059 71426 33255 37237 64601 74219 50652 24911 20956 62164 40325 3896 81844 16563 82349 47596 62086 2370 25708 94566 77206 87451 97584 55964 2969 11370 50542 76849 92304 85865 7877 86730 3276 14637 12022 31697 92840 92740 53748 52076 83184 65573 67556 68476 88444 29555 43974 62390 47168 49337 26240 89144 96919 84412 99577 58226 86480 74903 36789 42717 24622 81703 51203 35087 68991 1159 98396 11930 18101 61969 67506 91243 81124 4111 33 97531 13745 2612 52655 80953 16063 6257 83049 49310 83678 6866 42337 95527 18334 48702 31408 59161 26798 10364 90223 83988 1957 63206 5006 17491 68557 84540 70152 78290 3126 35480 97376 6055 68999 55381 18617 36451 40453 39765 42526 2406 22463 33135 26275 31940 5912 21420 58049 2030 1002 85520 94695 67134 60138 34222 27037 68660 80425 94738 11257 20087 94226 66258 72821 50336 80025 51326 61889 468 23526 88645 18279 71225 79253 77782 83850 15872 81035 32539 10129 51555 19727 71018 38766 44412 61624 96771 22995 90012 27237 97645 89540 70775 64298 65848 28548 18555 80649 46550 38601 91941 3157 45620 88958 45421 22931 9174 4116 53925 55072 43041 8268 96530 67841 50833 64169 72731 79599 8480 89043 72475 92074 61643 22211 36708 90575 69224 63959 48694 98728 5596 30009 54372 55083 88951 8671 88970 59591 98031 38939 7187 92028 78069 70667 20907 61721 61473 88394 35034 82571 27207 9510 74691 7338 58908 73434 34616 52839 78822 97000 90912 50775 45861 35937 31477 71660 90849 65480 36276 49285 76277 32507 64805 79828 89370 25771 49099 8375 73060 99713 31017 31065 94704 27232 40045 97591 21219 29801 70577 68076 86152 34903 8607 47349 86515 97089 35942 98250 37148 11048 40124 77552 92693 3966 59690 61332 62903 40462 10631 44454 11905 16982 64343 57013 84979 11169 88103 80433 19893 54746 18253 1473 22264 63691 80007 4014 30848 84867 58298 53125 87247 67851 47134 8989 57197 18749 25262 83923 9237 63016 2452 71401 69106 83136 31186 50673 31966 83836 88301 3628 86500 54188 20758 28300 51002 10475 84080 77306 80866 53138 28867 47234 80036 61048 36986 88660 98039 56756 56334 56030 57381 23684 37073 89579 67594 50174 47947 44415 1235 65106 16736 80669 3963 35029 7024 4537 12044 44520 3906 81234 60060 27885 4027 40993 58125 96514 50328 47573 4317 6986 71404 77924 25157 8651 95967 78107 15508 23434 8293 71938 46528 47735
445 965
67033 26875 55331 52957 5511 54520 2043 13392 11915 10021 68488 77579 50951 60702 5949 64336 72867 93935 44205 40161 25349 27928 40593 51242 84627 48573 27705 11933 90016 45245 59145 89980 90687 11498 30912 29360 5914 63381 12603 54940 48956 82265 35256 43142 96833 38408 9917 28160 89922 98319 64859 34406 50414 3586 46282 98709 93653 63135 50461 78957 9673 75181 65511 31700 4105 3690 78739 96832 81697 8446 78656 21268 66342 14468 24029 23616 17270 43488 73204 93345 41363 99303 59725 8059 54551 24044 35619 73738 55205 32624 1658 1833 85414 15037 64447 88608 89824 66519 63132 48901 91616 36595 752 85593 27389 96462 97004 25781 29941 16606 51312 7335 64486 88900 35996 34620 17476 42348 98566 69938 84714 73171 64100 80858 10916 30688 29377 17174 37141 71166 56073 38794 77310 43155 80517 2472 77217 80447 10349 17496 11601 95891 26915 30967 22538 13063 45220 61955 89811 69758 16811 24075 7018 9571 12813 46334 62432 50262 86988 64747 62634 34591 39165 81489 36610 58937 85285 98577 67097 86051 4208 78845 58580 15673 7569 39638 67219 45785 51160 37082 76631 31528 50536 17710 34735 26705 73651 46003 17849 82858 35506 81299 90416 60037 58431 77617 27347 31795 50969 80326 48024 22529 96786 68388 40143 20126 30666 26619 6048 99164 35618 43369 74794 39603 6733 11929 4873 11282 20344 88557 61692 37249 52963 18876 1986 63064 7582 43675 36585 82463 44435 3411 9046 14824 1547 17764 59679 37731 72909 69109 46351 1872 33433 24376 78431 52742 18750 82855 33613 42117 49343 12849 54282 22867 22617 67970 92610 52313 55516 782 32378 65246 55246 52423 99703 21729 28570 23451 89794 73788 64431 34068 62936 31888 24778 99269 79564 46980 87824 4183 18667 47588 98414 77906 17407 33424 95862 27990 3352 87657 39835 29350 79643 24860 51141 8110 40969 31387 927 15132 9901 47905 63061 72395 94674 87823 84912 56643 12026 9680 67666 92536 22107 37909 31686 82116 16201 93857 31642 44107 20787 33209 49703 52411 83659 13715 7310 87594 26493 89045 23643 29603 98068 87352 40789 99078 39246 42836 15190 7918 14453 51902 15585 28071 99040 54932 7891 87989 4712 35987 63442 80018 39536 15424 84179 57793 61061 5861 66783 44432 57563 46996 25205 18736 57581 37348 67653 88756 58921 9273 23029 76206 66622 53813 93468 68830 49096 51490 70688 80298 4412 88200 94435 3503 61987 18646 45379 29578 20543 71913 4788 24842 59507 45128 32532 59495 33558 59992 72304 98525 49278 73087 27844 91538 48556 95376 51485 69894 17812 10760 66063 41809 11472 47557 9628 92064 46238 9754 49911 17285 17393 79958 4604 78619 83754 95495 94394 924 22705 81347 85049 54604 93977 52285 42140 86785 91623 38054 2460 95988 43598 91733 32694 37559 4540 1582 10553 42569 36670 32148 89112 30738 86633 27815 7083 85645 59901 26877 57757 67673 25438 9279 66516 25564 18455 77879 8733 85945 11086 35663 70116 31543 88468 77242 27300 36304 43852 65563 99306 67505 94802 87522 85480 58201 84160 94115 21154 65286 81766 55954 28107 5591 93500 54374 98587 71990 83119 8596 83819 73015 95945 6526 19878 72195 90836 82560 63936 43865 75644 91799 39669 82059 95050 78644 45804 46542 75719 3206 78188 18906 76117 7081 65807 57720 33631 44974 29912 30052 68576 43724 96806 56452 11455 93474 26482 64934 38111 17800 87484 97134 32194 19274 20970 44078 52021 2741 48590 2132 7848 35689 30256 37327 18703 63282 35298 66750 41110 21548 74673 79294 76470 71530 91349 42073 93915 88706 16489 65029 4403 58851 35938 82121 66774 60104 42448 9645 91404 13352 78470 33317 98690 88957 16444 71675 76987 52455 2762 47209 5064 10321 27781 94327 33133 90454 89324 98453 8112 36198 76716 64531 18116 9931 58541 74700 86484 54414 46600 58353 90759 12933 58882 49816 26151 25572 93119 43477 50542 9915 67573 8372 11073 73807 40748 52675 79502 93284 84480 16429 79693 33870 47438 648 62210 93254 69242 95039 46292 25165 25219 62863 16500 28386 87571 743 85516 73823 3780 55576 53934 68088 35483 61402 60382 55469 64916 31272 75641 69334 25907 66432 80616 43569 64791 96193 97359 66349 9496 72154 43321 86743 81307 7653 47432 95701 55767 11514 37922 84494 76167 67195 40464 79324 28774 24143 75595 60014 42615 86668 27984 46846 42417 70933 46018 98602 34130 13569 62528 5569 83196 50000 20815 61124 5912 23051 50978 59260 86046 23615 36028 89935 65507 74116 68880 19686 97015 21390 26734 13277 62590 73958 62703 37081 8188 30504 20323 21546 62339 13153 25556 14756 23399 52174 64190 43135 65542 4621 81125 36669 62683 64497 68387 73946 57096 27075 51486 91083 94007 76106 9415 42890 36075 6610 50235 59204 40433 46712 32636 87455 99909 76119 25577 81991 4422 54723 51301 38006 66151 35771 82808 87209 49545 22582 82968 39412 54867 17572 35654 65273 88961 44617 29427 41143 16799 3842 37536 42432 58644 32944 92449 28012 44368 58815 82505 69224 13311 22870 63373 66925 36710 84294 43231 97331 60257 32172 99059 91947 76052 26949 29600 65173 37775 53123 58521 63515 69170 30318 68599 97207 63843 90139 258 57032 31061 45040 9570 53030 4702 92594 68217 13258 52048 66399 57518 1739 97173 72055 90838 41913 16017 37278 52949 83292 76552 8231 15580 59263 4319 79847 63101 4405 42934 10168 9028 43927 72052 53158 91144 62443 83046 44601 46166 94387 45797 48699 40257 47759 57745 20440 89762 48312 32811 68837 84095 25809 80830 13971 73249 77721 68741 63769 23699 22972 14664 23068 76853 48262 95309 52406 15576 38885 24831 27459 53825 60379 3628 1196 20024 98861 31138 16630 99786 67745 30627 18834 72554 75317 20251 30908 14327 9938 57552 76075 77418 89634 15365 14106 65631 56394 75657 42695 97411 53688 31356 15245 64886 9795 58728 93753 78037 92620 83689 3762 64007 56919 53671 1190 48555 23433 60761 7354 62820 55016 8503 54850 96608 70997 28197 90066 54285 64942 63851 50790 6350 93452 62587 2297 68796 18488 22396 25177 19052 25372 50456 85423 53069
204 960
13522 75603 60264 69521 5922 27097 17237 37139 32055 84016 44116 90200 65580 62213 14446 25352 86181 15166 6509 87355 91028 16751 4053 54837 88874 9669 17201 46427 68997 10247 52235 83252 67581 97374 12786 69762 28928 92309 21158 83075 4944 38412 48861 74202 30379 7085 33143 38149 10341 85941 69486 69280 44574 31450 75996 5918 69777 3730 3961 19042 66395 35375 76582 44016 90974 36179 36256 25487 41988 51662 76077 10837 51733 74640 43146 16717 49438 295 8059 53668 97627 10179 85521 46205 18157 65847 43056 18997 86284 28428 87341 86039 45834 74707 74054 85638 29186 56012 64366 63235 81952 49738 95037 122 39421 97564 10723 82462 54962 80027 92519 49560 34087 71020 62484 90355 8964 41654 85601 81566 10804 86590 7543 58086 1869 80251 51939 31030 3213 58739 68848 12557 23352 62283 35606 31286 68719 63690 73680 46796 72468 84774 65934 40890 39526 66542 65376 8998 82240 21198 70088 68437 57595 85219 87052 31058 29258 31275 69771 82170 67769 55172 71723 21309 75211 46540 95424 36939 32489 68899 14010 68493 30147 34248 45277 22204 42310 62862 58674 58304 13820 19664 48024 71906 19704 81860 22265 35940 57287 9924 86791 22863 44938 22197 27552 10846 7228 35876 87244 15525 57188 16417 58907 23037 7084 65282 22539 67584 60181 69232 36786 57327 28488 99438 64488 39337 80040 1547 24495 94650 1302 84138 80009 37647 91894 20165 38174 43319 24895 30923 15769 35694 91035 48883 6086 3581 36452 16604 53803 27290 23258 48877 69421 23835 4311 60073 22736 35002 1468 61306 77097 23263 38718 71285 96941 86195 70878 9158 3404 34368 75873 83957 41935 21345 35813 24910 85109 6980 18497 99617 90296 88716 63289 45826 90639 30300 95482 3380 75232 60115 26988 21928 39896 88896 6812 26884 534 94342 32147 99638 92056 12738 23191 28088 16795 52582 58617 18665 53545 87650 76762 66576 1766 50083 33128 66588 38786 68823 35202 15750 56706 73442 45422 38116 7629 94552 48698 44866 18071 59271 72082 64832 38724 46272 79145 88629 77984 55376 67727 50599 6794 17573 56244 9513 85398 62793 57793 90161 85257 5861 13280 94613 75649 57563 61384 78481 62393 33744 83051 75637 51327 29158 69646 18897 41701 77413 30998 50412 36820 10977 40994 22830 73096 49744 56978 88059 57840 62571 15321 97947 45580 14230 31758 97910 3226 58464 50024 9943 71023 15039 96633 74950 73252 85309 52721 4264 56575 32671 52723 65278 86132 90276 2529 15840 41691 46871 70796 15476 14896 82751 25405 90825 50128 36753 57527 65496 42829 34888 21108 47610 9920 83806 59002 81664 19203 82064 74343 33825 62207 78088 11643 67621 66086 19236 98126 21974 27095 19191 75057 71319 22732 53945 97769 13710 59664 70214 92600 51440 92903 41453 7771 29026 55574 44145 92093 98623 59248 25143 38912 46787 39909 19252 81050 39854 71233 96636 58377 71956 18684 81011 33220 72773 79307 31694 20322 92451 50313 55170 96643 7099 28276 96656 33360 34739 29215 5926 18519 93189 63984 5832 2400 45430 60424 21783 20033 79691 8755 9555 38846 71104 62708 90042 45547 71582 39673 25537 57353 7777 15062 94008 71728 98849 65452 26388 34980 88455 10854 59370 6909 9965 70991 11957 95202 95991 9378 6466 51394 34475 20213 81040 35989 33919 89648 65793 42506 60709 75759 21859 71028 13617 49116 32669 31496 8405 30228 25090 60438 83607 44409 78062 39979 82610 94595 87490 35397 13642 74761 35527 99282 90823 98013 15051 57941 38603 23260 42881 32477 37867 12746 96694 29544 15405 25883 39521 18907 7601 2088 23757 29813 44045 31037 6702 75116 7963 97079 21178 8730 49945 18078 64792 33782 43868 99658 71695 79063 24996 95769 20474 37813 55335 12196 15730 60341 22297 92815 36216 29884 15401 2540 30733 70676 41981 39930 31057 21494 25864 60713 41426 45883 3746 96284 96121 40168 90731 70429 81298 55091 54515 83416 61291 18367 64551 77661 42119 14045 41415 1593 49651 58477 18514 21873 73761 22048 60148 60291 54446 15308 91643 58313 55472 95467 98046 4655 62267 29487 91877 51041 85217 48791 71045 16358 96690 24943 68003 94171 40495 925 22711 10326 38876 35863 39124 31160 37445 18584 30040 74478 22039 98353 41541 92060 48702 25927 55340 58293 54809 64272 92201 24295 80061 78567 23527 95986 11525 92403 52868 88070 87703 69643 1709 53906 34756 29047 80499 21370 98966 23839 59311 94896 32631 31349 50850 54883 97229 857 48506 54638 13844 3859 82690 52322 74141 43516 25057 59697 28666 13886 54120 78068 66879 73626 87919 64023 79862 46481 48825 80425 8684 35892 14430 96663 64331 43765 86494 24043 99694 22887 16052 25661 86512 46735 45793 25325 27173 78103 6213 16239 19902 40624 2657 27993 9191 26952 35305 80013 13224 40433 63900 46468 84973 56094 609 44977 72712 18007 64930 2055 78206 5979 51096 87667 89209 79061 85950 64815 87682 33260 10400 82032 84210 89653 60999 51600 56553 51199 45021 96530 19245 26552 37068 77363 36806 85165 50992 63292 82505 98552 41130 76882 86496 89357 84286 56995 96041 86714 27537 6527 62055 96903 89560 2075 51949 11432 71982 48246 40212 90950 43805 24173 15339 76962 90588 91637 46707 44 10323 14789 52232 61041 32388 45276 68818 41399 44654 33027 23869 30937 6195 21340 52645 44697 71989 54243 23431 35880 64301 27353 53734 54412 34477 69435 89472 26876 65822 78912 82061 57407 21502 23284 77419 28029 23430 77267 43175 5146 51015 98196 31554 86189 12809 29580 80271 32603 43972 8264 98189 39082 84137 17872 89484 91397 21854 64868 73908 90073 94815 66853 36987 37165 25985 10968 1791 70927 27968 3973 19249 20331 10191 20807 42487 81158 36508 27870 35912 14994 29113 56502 47066 74938 40561 14314 18194 75195 55968 78129 81198 36625 1335 90424 4121 15542 97127 38768 6467 60732 37044 99712 59321 80722 74825 8739 53143 45521 6887 69737 49762 99776 97779 58287 60469 83566 20546 59637 61277 39415 19557 82442 54287 17856 24696 1494 99555 40648 89225 42997 7271 48706 58396 6350 83708
422 784
52957 48816 21464 75275 56472 70961 72724 83202 8842 7463 74023 11214 4295 63925 83336 47680 55351 13992 85664 306 98947 44461 20913 19435 16498 90568 73789 87120 81046 85228 81028 60698 84489 68858 99715 67380 21087 73103 16551 96622 87298 36772 45151 41082 48219 44758 39709 68180 39999 88386 75674 31305 84930 96607 4748 17899 62713 63020 48050 76331 10416 20716 89396 10504 39342 25962 70010 76333 65994 15128 42423 50285 39130 99329 70792 21701 69571 90527 52928 76989 10833 98114 21898 91057 94614 39501 84340 91569 79483 79841 90396 29687 18747 72199 1660 65584 66458 49364 7783 85882 30585 27053 24256 64865 93932 38106 62970 81490 7897 66527 91311 1987 33345 26241 62773 64282 33624 50964 20447 10771 5234 20916 43294 27731 58086 20477 80144 7296 30588 25632 74529 64947 33041 10668 32982 67071 92611 96556 24165 62534 36675 55621 29656 38228 90134 84617 86145 58410 82652 5791 83732 92384 79865 61832 59822 85734 32737 61527 67097 67361 93313 27656 92816 98406 93415 28193 68920 7893 47169 85558 78772 11414 68554 53299 45729 19948 16331 41878 92568 26092 42118 71745 76126 86416 21266 85452 22948 46512 26856 11035 63408 12029 15388 94101 49140 8481 52221 89053 825 13679 67300 67766 94844 13754 51533 32601 72185 85692 57717 38077 32336 97700 57782 32800 32429 33371 91748 82479 82085 83142 99742 59614 95549 60040 49935 71485 71851 39085 33541 79226 96009 43828 84664 18491 99178 78974 98901 56445 10643 7680 35757 14163 37995 70536 61296 88938 31970 53703 62291 32530 8121 60518 13923 24457 5485 47476 79234 9891 38646 9892 3927 35926 16891 20409 23975 8634 14650 57805 79881 60657 87656 72233 86866 87781 23094 14149 85920 89014 3800 19067 57918 97805 55777 15131 58949 14791 11153 21247 81114 3371 85085 83570 38547 25501 1080 2137 31185 43992 60925 89128 20036 87918 20864 31565 78715 16084 31243 85511 38140 46415 69368 52101 74102 56873 61781 69383 66083 56963 87501 2985 91293 50930 85471 27634 52547 16895 21877 81437 18128 3986 31914 24481 59760 25137 62995 68253 58835 57386 43324 32197 88596 52664 69356 79449 90374 52339 64811 98663 88235 31050 65433 96754 68294 74703 62232 59366 60071 23129 14849 66662 4750 92020 61613 63302 42214 83883 84362 53724 36443 53101 12836 16413 48556 52856 62368 19416 6066 11053 22327 15060 13856 68220 85952 23197 12130 31240 5441 1613 39956 79183 84485 78619 11636 48031 73037 30167 18810 82856 18098 52733 74895 19194 89609 91623 60033 64220 21270 42795 40148 29514 41861 79445 74215 86991 40876 40215 7772 43468 10541 13985 7412 23780 63254 15251 6760 77922 72340 85766 31178 39691 87801 48387 28959 20288 19362 70224 96288 13261 72411 68986 52451 22349 56630 87489 28601 41877 55094 53658 2094 12902 2939 5825 7364 2158 35013 71969 92450 91200 52935 16389 84554 56486 93321 19747 60077 19730 81617 93194 6091 41623 51783 99639 6276 53992 62558 64658 34448 5921 17050 15575 78741 99489 39206 54426 19917 57353 94607 90675 61606 78422 34980 84334 5331 76674 46486 85586 97748 75593 24074 43960 45641 63722 7258 97049 216 33250 54105 90812 85488 14996 51776 19691 69113 12674 45086 32876 38111 68134 80186 90867 25787 7148 82078 63721 40620 22273 56936 23370 88922 46535 21354 59663 47808 50396 83914 48325 35199 40173 49903 5505 36694 58852 41819 65125 85837 52245 51189 45665 50764 85354 48168 23492 93864 50672 74761 2167 72071 21155 72744 64990 66072 55345 62656 47492 28124 34210 58373 86318 45138 19503 68535 76740 24764 61093 37838 88957 71675 62012 96975 20277 34402 11528 72292 897 9955 63221 3908 76199 83241 31781 70550 61706 46578 66672 23676 68369 57893 93421 48718 68188 36221 21813 66042 37682 59534 16563 9277 2938 41454 53430 73477 66252 77394 36752 30747 44914 53999 15558 33472 6036 88643 80351 52739 72254 95919 94211 84744 84446 21718 52840 48530 17343 28238 29348 24809 23439 52068 66485 98061 77749 71079 88310 87852 75216 64153 64216 41917 12841 77802 28373 34787 83067 27145 49930 40577 43618 99136 47645 8101 58156 98106 80953 84251 70258 59667 15011 2645 5329 23144 23887 44865 39403 46977 22607 84342 61229 30803 57556 54583 11567 22445 71644 51622 15638 73029 98978 11084 55189 85592 96668 57451 79500 1914 47953 77459 73612 5336 73384 41220 36626 44488 53895 51851 256 62854 65098 68036 14366 63487 53814 76211 31841 42547 93805 1349 64158 48430 31811 67685 62116 70001 86616 92474 3539 32646 60531 56726 84703 73349 27158 34126 41280 9971 73326 27442 55987 47206 57726 93319 83631 69278 50476 58326 30841 28733 95917 39890 28768 9268 53965 14225 9727 82644 88677 55366 70829 92808 70692 98148 51944 49713 12592 4 6755 23458 82818 1276 54419 60978 98759 11176 73310 76157 4164 73826 57295 86790 50467 66179 46035 21295 91282 79329 96530
210 656
70396 14156 63730 77759 38888 28525 4861 40201 91954 50251 6290 34886 1130 52624 61144 4894 43315 11680 78093 38698 99356 72914 29004 92636 99757 73469 53327 81435 15708 58530 18465 67210 84861 91568 76641 201 58336 11089 58342 23603 28799 83578 81056 46809 77105 33106 20831 61388 35533 1931 75468 16054 29122 92235 19161 94034 34323 11548 58653 9190 16595 4105 51624 79331 35342 44476 71368 97235 98468 42137 4822 25295 80658 57837 91000 88968 66720 10729 87720 91630 46722 61847 54724 4941 66891 67899 13598 32426 65584 18219 5137 24824 96910 99163 32384 35139 2246 34620 75197 98490 58014 80017 96774 72048 50191 18976 98655 18063 61011 58697 94943 21902 40806 27501 58120 17193 80175 30945 60661 67071 98060 64493 93642 29571 10766 15429 87332 84737 62388 90895 66322 95648 19363 86274 21069 46431 46877 71680 21968 86382 15678 99035 38785 343 5883 72103 72021 69508 72178 33540 55261 8287 96064 45747 95900 89961 85130 84503 63045 26647 42575 500 26753 37038 91386 43492 94103 32777 84767 68966 80730 54080 54540 48840 81102 15038 26861 54268 57296 62456 26419 23834 81507 35447 60008 93936 72930 54595 95402 16421 53458 64513 19222 31702 86128 41057 60642 71674 71577 749 72128 455 78540 83078 2552 83374 81532 18921 92233 98760 17197 94651 15527 49685 23928 76057 30524 58626 39844 71983 13492 37465 1341 24962 92 44324 42411 66235 65419 70269 53303 90580 79406 93892 38631 48292 14332 45412 37540 12026 51781 42316 35530 14925 97859 35786 76710 55777 23125 30654 62698 82339 2764 84378 17791 20744 50083 92464 15876 21384 48535 13715 17220 48624 4362 60954 62482 93853 27280 9785 10746 23873 12898 69597 86630 44858 8172 67800 54622 71483 76532 66523 39073 55665 79974 84593 39272 36350 47888 61373 11842 46493 77389 84179 79976 30514 65315 9445 7921 40923 84242 30822 83485 21737 61287 98657 3013 37063 8217 44640 37363 8376 70553 30742 93986 44523 76048 72312 51640 36824 9177 99117 30858 72035 17708 91480 77215 29049 87111 67774 95184 48047 37845 18516 10973 14905 56256 20446 89447 95176 18098 13089 97897 96410 42235 71650 34839 8561 61518 78622 42829 31890 70052 59268 13379 96161 83642 83345 488 60606 86092 92978 21329 52469 42403 61492 71142 68703 93248 38190 30756 21217 62270 53330 10868 44999 52479 22436 35848 85413 33176 44873 37335 58850 53155 81369 47823 20108 58678 93139 95300 65286 41632 97314 43732 19753 63549 84158 10027 2260 97196 89742 31643 26615 82769 39858 64569 18578 97695 69725 70893 63477 91147 65519 23853 43386 37954 62976 82253 28747 53296 85663 66133 47067 94827 60500 28357 42624 16380 81548 5594 92573 81913 45369 81356 94528 72973 204 95381 48179 45593 3195 26677 25887 96359 36066 44384 4324 80210 68516 33530 12763 42733 81534 8402 88411 20923 84463 55699 121 91262 7198 60578 93618 17783 7698 65952 8249 57512 61452 18907 26182 61450 9829 83173 41330 51803 65714 66931 62235 66997 69085 64927 43003 88697 92815 95230 4210 80384 49057 44139 97286 84060 95518 87579 52895 17265 10836 26718 97817 96284 16326 99034 27554 16681 30799 60749 69819 22579 50788 93051 56987 72298 12617 10154 10855 11676 14256 69242 14553 92115 37676 10870 96495 27894 25663 45406 29168 98722 46591 98419 93457 19570 33912 93316 72647 77067 100 43733 95581 54140 80119 1185 6257 20226 4126 45187 24776 90503 59825 94358 9133 60588 91699 76717 61538 43451 60823 28829 27254 9034 84518 45704 78806 83175 9960 80945 43342 85847 27854 779 59467 79597 14724 27601 22463 49402 88283 45340 56812 51248 85520 66157 75928 63673 85738 3997 47706 97406 22134 11532 88572 62116 25556 89927 85182 5347 30075 86033 66280 7632 92853 23624 75651 54079 1699 37323 61133 1258 6094 30606 96650 2618 39042 89982 91086 18185 19902 65616 6088 74768 25860 66185 58989 60190 18191 11408 71738 36075 66513 37894 29633 34837 29372 24426 72356 78776 82886 61610 33685 54656 84308 20730 98629 17115 69501 43415 69971 93428 54707 73897 78913 78080 92074 80183 99071
454 400
4829 31228 36225 6764 15933 76669 77759 92329 36856 79876 72623 49379 97698 94771 20792 94071 33875 67269 86509 28320 36898 64121 26390 11518 46991 46597 35266 43034 35009 63429 4414 85502 60412 18162 83687 30505 61067 93484 82642 71221 75930 85404 5808 78739 94953 42077 21471 73712 79933 3848 64008 61975 38296 15470 90916 13133 49497 70263 54860 64100 23364 92285 64471 34334 43215 55791 57977 83419 20153 43433 77020 62657 77847 8308 59379 25788 19562 25820 56407 27794 34955 51481 51033 36853 45735 6089 99267 64723 65264 63560 1867 22775 80169 64405 3658 8287 41591 71745 194 84503 85319 11730 14387 59788 27889 78332 67877 84504 540 63480 56048 82866 29950 45869 96302 35339 55986 7156 6770 31877 84062 68277 12050 98573 67578 24268 84904 48751 40970 83078 40158 81178 30459 82239 83902 92770 8106 8530 34368 5182 42464 4995 71983 59474 70230 52614 7193 56275 4464 37021 26848 43190 96085 5719 52420 20409 87251 82894 94347 74832 18112 96385 32110 7478 20626 42708 17924 16930 57267 52933 48705 96374 45980 50847 87066 18221 76742 28933 56509 60100 26528 65700 25190 46042 7428 85466 77984 13337 90670 21682 3845 39772 69898 30501 11439 97144 60416 89193 698 98154 82300 53735 81455 54611 91161 2145 64573 54725 83876 66573 97306 4588 70314 18272 32679 62368 33335 76250 69955 59444 52723 70880 11815 37187 78978 23913 71499 60281 85659 16183 42942 3174 48734 83767 65971 1052 38429 47499 12079 3651 64505 92385 34905 46088 64576 19920 47163 65053 89314 90945 11679 38807 22536 22155 63304 75541 2915 41604 32760 9611 57010 28662 18800 37336 19291 12658 56232 39755 66457 62092 5591 15727 43219 48324 5404 2136 35383 76343 52769 82018 23253 50567 13075 51264 54508 27446 41483 95778 30471 41786 35025 3656 24305 63740 67482 83609 28607 93603 95468 13454 99681 26606 72696 70581 52581 33530 29558 16132 17184 10378 41735 13104 20130 28170 79224 54942 1642 28915 21082 86681 60290 26624 53002 19181 71670 85401 11434 44389 12385 24675 39795 93478 57146 90188 88133 15096 41055 20328 5125 85655 50036 22400 72770 73413 48898 29957 26799 2174 52475 22373 74509 1799 66064 80643 16964 1483 88065 61423 60749 47946 44990 22579 78346 23679 48978 27756 81091 69077 54090 69129 7395 72 9278 96948 32529 89231 36789 1711 54543 67550 27528 20789 91600 74318 87022 47211 9496 87141 91203 26534 41234 72230 68187 74130 22340 14807 33056 54995 60188 78867
431 160
1431 50381 55647 61787 98151 81847 84326 91329 50832 22893 2858 64060 40295 90678 59108 4830 73174 76913 50747 34907 62357 45988 86627 52499 37402 77153 30973 95715 43737 22890 76694 3181 5018 88294 73379 82369 24008 95589 81610 12218 85919 45917 84654 58690 57392 39178 19662 99121 73950 77011 29436 85834 46090 55445 27545 87337 8907 8192 32501 21297 93587 45169 13662 92226 32588 7263 96954 98527 69962 16169 13449 3558 2588 37827 69982 92753 30469 68770 77951 82383 73701 40750 27976 40083 28068 99969 61302 71162 59992 63459 65575 60992 44399 44210 32021 29528 95060 25324 85744 19075 98710 96435 27480 67951 13696 21587 42621 74407 39047 82226 72195 45978 69665 33304 42558 81338 37863 4209 28893 31925 55725 27932 7642 57162 55605 2244 91046 82346 20458 24182 90536 29652 21499 74223 65912 7502 71431 95143 29150 77206 66020 38638 71145 36765 91798 98972 76749 42173 5598 16612 31827 84077 54005 72262 21227 8962 34921 10807 60647 71095
500 0
